20021211220
12010101001
11120101020
10111110211
11121001020
21020001021
10021212010
02112020200
11111210220
10201222210
20020210220
02111221222
10102221121
02111010011
20102021012
11201121101
10110201102
02120101001
02200011011
10121220202
01102111212
10211111202
12210101021
12122201022
12210101011
12201110001
02210201022
20101111201
10122000220
11121001210
11201111202
12020201111
12020101010
20112211210
00102021112
02010201220
12000100012
20020211020
12111111221
10202220002
20120111201
02111100210
11021101200
11101010211
21121210220
12112011010
02100001120
12212020202
11101101111
02021201110
20020202010
10010101002
20122111212
20022201002
11012211202
12122001020
02112101201
00120220201
12110111020
12100211020
10110202111
10020200111
10112101001
10010110220
11110111010
10110201210
20120100221
21202020101
12120201120
00202000202
10021011220
12101011120
02022110012
20122121002
02020211221
10110200220
20020211212
10121111012
12020102012
10112011002
12020110020
10102011001
11112111110
01001111020
12120200000
10110201101
02211101100
11022201011
00022220210
10120201102
10110201210
20110201121
10212111212
12210002022
10110100011
10200200001
10111111220
10111020012
12021101001
20021121111
20100210211
10020201100
20122220222
11111220120
11021110110
20112011122
22120011210
10011020012
02100111012
02101100001
10201100120
11122010022
10210211101
10120201010
10010201120
12111001210
02110110221
11200200102
20220011201
11021021220
20022010021
11021012220
20210211120
10111121000
20011020201
01020102021
21020101120
10020221020
21020201111
12120000220
02111011020
10010111120
10012201012
02112201002
10201101111
10110202211
02012010220
12001101021
00101011212
20012000102
10112111012
11121010011
12020202010
10022110212
11110201010
10112102000
02021201020
00100101022
10020121020
20120100200
10101122202
10111111002
12101010210
02111221010
11110111222
02111011001
01202020200
10021120201
00020200100
12110211001
20220212001
12111101012
12120001202
20200000122
22101112010
10100201111
00020221020
12101010222
20212011202
12120101210
21020100201
02112110202
02121001211
12112020212
02020101100
12210100111
20222012212
02122010212
20020210210
11100122220
22222212222
12122121102
10220201220
10200020222
11002221222
00022011002
20020110202
20100211012
12121011102
10112201001
02022001002
11022021202
11101211001
10020111020
12101000222
10110211220
12002010202
22120201002
02101010211
20200201112
10022021211
12100101011
20020101210
20021002022
20021121211
11122010002
00100100222
10121112011
00201102210
12020101211
20120210210
01222121220
10110110201
21122021012
10022000211
12011102111
20021201120
10020212021
10022121220
22111100102
01120001002
20210211220
11100212002
20101211202
10012212010
01202210002
20120211210
11210010202
11002011202
10122110202
20120202010
11000011002
10020221002
10121121102
11020202120
01000100012
12112111200
02020200200
11102011002
02100210100
02022200220
02022012010
02200202200
02122201212
02102110220
20100202210
20120101221
12100211211
02021011020
00011012212
10020121200
12122101202
20121201020
01200211202
20000201112
10110211222
10100101111
11110201021
20200101000
20121111202
11200211011
11112201102
10200211020
20120220212
00200111202
12112011012
20121021011
20202201010
01121011001
00022021021
20120210120
00210211022
10200211222
10021201020
00102022122
01101011101
02201001012
12001202000
10110011202
02012001012
02200211020
11110010020
11022111211
02022000200
10120111212
20020201211
10021101212
02122021112
02222220210
02110101220
20111211220
02201010002
10122021201
11120212020
10022211110
02022121101
00122011112
20102211201
20012011011
01112011202
12110101011
11110211021
10111120201
10120011110
11122200012
10021101220
11102221201
20200211211
00110002020
12121010200
10010201020
02102111111
02201020010
01202011202
20110122200
02020102221
12102110201
10020101011
11120121220
12222112201
11202120210
00101010120
00202011220
12021101122
10200201221
12222010210
11011101021
02202012010
12201012011
12102011211
10101211210
11210200012
11110011011
01201210122
11200101222
00112011211
12101011211
10222121212
02122020201
22120201022
10110111001
02101111011
20200201111
22022001120
12021121212
00110021210
10110201200
02022010200
22120102020
01012001002
20111111002
12021010212
20111122102
11101111201
12221111221
10121201221
02101010210
00101002022
02010001000
20021201211
02200202002
12122000001
12021211221
20200212222
02222111202
20101222102
11121111020
10112222002
11022021000
10210101002
21022011220
20021201020
21111001200
20121102020
02111011002
02201210202
11020201002
10100000020
11020211021
12222220011
10020111011
11020121111
20022010121
20122211210
01022102020
12120101021
12112011202
10102101202
12101112221
11122001120
20010201120
10100201220
12111101101
10020201221
12111201200
00110000220
00022211002
20102220121
20102201102
12110001002
20110211010
20122211212
10200211220
01022102002
01010001002
01020210220
10112021012
02110121011
10120112011
10001110011
10022120212
10022011001
20101020210
11101110220
12022102002
11220101011
20022100212
22202211102
11022022100
12112111102
11102220011
01020101010
12112011001
10001100001
21121211220
00200211202
10020111101
21020210202
11110001002
02020211110
11022121001
12112220212
20112101011
11100011110
12022011210
12001011001
12110001201
11002010001
10110110201
12122111012
10021110210
00202011011
10111110111
02112011012
20121221120
02201020212
01200201000
11111010210
21021121000
11120201001
01002010010
20100201102
20012021121
02121210102
12022022002
01101111120
01120101011
02201010211
10112110001
12121002020
12101111200
02112111002
21021202210
10022211210
20022211110
11011110011
01200001022
20010201102
02022201202
20020201020
10101210012
02121022021
10121201220
01220201002
10010101211
02200200022
20210201211
20210111121
20122021011
10100001100
02200201220
00112201002
20022000200
11110011102
12020120210
11112201212
10001202200
11201001020
02022020210
00200211220
12121102001
11112010212
02022002221
01102020220
02200001020
02200220102
10201100100
10122110210
02221110201
12100111012
10111011212
20120201210
12022101201
02122101221
02111011010
10020111120
20210111001
11102012001
20120111102
10121101212
20100210112
20202021222
12100211220
02112011020
00102221020
10000201020
11022021210
01202001202
00200202021
00200111012
10200201000
20200211010
20002011001
00020000202
11120011010
20112011110
02120200211
21020100111
12120110000
10210212012
20122020210
12200201111
10000211220
02202001102
02202021112
22110111001
20020211121
11211111011
20112201001
10120122211
11120120211
11121201011
01210011022
10110202010
02111111211
20111121211
00011111211
10211202022
20122201221
12202101212
10210211000
11110101010
12122011202
20022212222
00222212200
12201220102
11110111210
12112011021
02202002012
12101011211
02021011211
20120212022
00100011202
10120011211
00220100222
21220221012
20010202020
10010201002
02021101100
01201200212
10020111211
00220000121
02101210220
00100010102
10122011001
10111200210
10211012100
20020202112
10112220010
02200220020
12111110010
10110101021
10122010210
20120210210
20021111220
02200100202
00110111000
12111011211
11112211012
02020211001
10012001020
10210110001
10121111001
11022111110
20100211021
10012011001
00202102201
20020221111
20021220101
21000001021
20020210020
12200011012
12112011010
21110101022
02200020221
01202020220
21020110212
10021021200
11021202020
20100111111
12100021110
10121220212
11112121111
02110201220
12122210020
10022201011
12110001120
10200022220
22112011001
21020121202
10110211011
10110111210
10022001000
02111002020
10210221220
11100200221
10020201120
02111110201
20100201000
11122022011
01110111002
20120101002
02210200210
11012120020
10101012002
12112111102
11121101101
20120100220
10201220221
12122210111
10101111021
02200110202
20020220000
01210201202
10200211212
11102220102
10220202021
10200211001
22202211210
11122102022
02200000202
20011020220
10201120210
20120211012
20220101211
20120202010
12121001201
10112011201
11100202112
10020202012
10211211202
20120210210
01010111000
12122012010
02101110220
00111201011
20000201000
12101011021
02111101102
01110101212
20110011021
20100102000
00110112100
20120221221
00012201020
02110100211
11010001002
00200111001
12201101012
11121110011
20100202002
10020011201
12112101212
10110011122
01111001102
00021111020
10020201002
12020101020
20120201202
11110112020
11122010220
00120110100
02020201211
01201011211
02201110001
20110210121
11021111012
01100210000
10112011011
12101111010
10120202200
12111011201
10100212002
10000201102
11020001012
11110101012
02111020201
12121011202
10100101202
02202210202
00201010002
10110211001
12210101201
20210211021
20100211000
11120110010
22212222201
11022201200
12122020002
12101021211
12211011211
11202021212
00110221221
12121100201
12111011211
12122001001
12021001002
02102201010
10120120211
20101210220
12201010102
20112021020
10100211000
12100200102
02122100011
11202121111
02020100000
10211121220
10212011002
02112000202
12111012021
20102110120
10022022010
01120001220
11112221220
20022211200
01022000200
02211100102
01110001011
10120010202
02100010000
11020121101
11100111202
10010200220
20201101010
10120211211
01011111221
02022002202
12001122211
11102021201
02122010102
00022022102
11202010220
20120201012
20121110221
00122101002
20010212111
10120011002
10020211010
10020201210
10120201101
11111111002
20112100112
02220100202
21200102002
01210002220
11121110212
12022010110
12110201010
20120001210
10022121121
10101111201
10010201212
20110201012
12122020211
10121211220
21200010020
12110211220
20110110101
02201011200
10022111211
02202121200
00002001101
12110111101
20110211220
12222201200
10102101102
20200202002
21122102200
11202210220
10120101120
02102010102
12021010200
02120001210
12012011011
01111011010
02010101112
11120121202
10122020011
00100110220
02201011202
12122112001
10112120220
11110101200
10002011100
01102011002
10101121111
10111120210
01202111201
10122121201
02112021002
12111111011
10100101210
10120201210
22021121210
01202021002
20010001202
20110212211
02111111221
02211112220
10220200001
12101111220
12012021210
00101101002
12111120001
02022221020
11210111002
02012220000
10021111202
11200011012
01202011012
10200200020
10012210210
01212021021
12121211101
02102101020
12022010012
10210201001
01202210000
12122020200
11111121201
22101102001
10220200210
01200200220
22100122020
10002212022
10120111110
12111021021
01102020212
20020221201
02111010022
10122110001
20110201011
00100011202
12212001012
20200112221
10021000201
01201002111
12121111211
11100210102
12020111221
02110111221
12111121200
20002111220
11020110212
02221101002
10021100212
21022021120
00202010011
10200101002
20002211220
00122011021
01212010212
20122121202
20100121200
20110201220
20102111200
02021111012
02021111010
01110111002
10101120201
10120211012
10122020010
02002020210
21001101020
10112011222
12022021200
10111111011
12220221011
20100200120
12212010112
02102001001
12101110012
11201111220
01011010102
10212002010
10020200201
20020212221
02202110011
02102102220
11100200002
00121101222
02110210201
10022011011
01210111200
22220020012
12200100001
20102110100
02021001021
22100121212
00100101002
12021111202
20022011000
12102012211
11101110220
11110111210
02120002020
20102211100
10101011011
02220111101
12022112120
20120010220
20102201010
12100200021
10212021222
02211010221
22022101002
12100001220
12112222002
10021011121
12111010202
11200122102
01020211020
10021221010
12210211002
11110201001
10021011202
10101110212
00122211000
21021110012
12121011111
22022021020
10000101020
01010011000
12102111001
00110211000
02110201211
11122020211
02022111001
12000111002
11020010200
20021101020
02112002021
10200111012
02020211211
20110111002
10111021102
22112020012
00200202122
01112112102
12121111101
12210101220
20021111101
02121001010
20222202020
12122022120
10010211210
22220202020
11120112200
02020001002
10200211210
12102111110
11111011002
10112200101
20211110221
12220011001
11101010112
12121012101
00201000100
10202020202
10021001002
10101120001
11112001000
11202001202
01120201220
11101111011
02212202002
11210201010
02202010001
12121112200
