41142523451
35231413212
23441414251
22332432442
33342313251
43241213252
31242525141
15335352531
33432531551
31512555541
41151522451
15432544454
21425553352
14432332242
51413344145
33512444332
32331513334
14341414122
15511324242
22442552435
13325434443
22532423534
24531414152
24345514153
24531414242
34522432222
14531514153
51422423522
32343312451
23452214541
23522424433
24141514342
24241413241
41333533541
12323343344
14231513451
24221412243
51241523251
24432433452
21514541125
41341434432
14332412541
33242413431
23422332542
43442521451
35435224141
15421114351
34534252534
23422414342
14252514341
42151515241
32231413134
42345434543
41244514133
33235534535
24444214251
14334414432
11441541432
34431434151
24421523251
32431515342
22251511342
32334414232
31131422451
33431424141
21331514441
42441412552
43515241332
34441513351
11514111515
32252324551
24422224351
14243422243
42443443133
14251523452
32431512451
41241534444
32352424243
34241415143
21334223123
34241422251
22324323222
23433423341
13222424151
34341512131
31331514332
14532414331
33153513242
12153542541
31351513313
31431514441
42331514352
32534424444
35531315153
22431412242
32521512232
22332433451
32332241145
35152414132
41242453342
51321522442
32141514331
51344552453
33432542351
33242432341
42433324354
45441323441
22232342244
14421434243
14422412222
32512412351
33355321155
32531533332
21341514141
31231514351
24432213441
15331422452
33521512334
42551323432
33152244451
52143332152
33242225451
41531523351
31432444231
41232342432
13151415152
43151414351
21151544251
43151514342
35341311551
14332324251
31231423351
32234514143
14334513123
22522414342
32331515442
15134132551
34222414252
12422324443
42233312335
32434434243
33342231242
35141515141
22143422443
33331513241
32335415131
14242513251
12421414253
31241444251
42441412431
32422445433
22432424224
24412332441
15432543141
33431424553
15332333232
13523342531
22242441422
11151511331
35331534232
42551525232
24332414243
34351314413
41521312353
45422425241
21421513342
12151553151
34322332454
42533323424
34451414441
43241412532
15433432533
14342313442
24333342444
14151413331
24531412342
41545335544
15443222444
41241522441
33411455551
55555535555
24343443333
31541514551
31511242455
33123544553
12244324134
42241422524
41421534243
34342324333
32434514132
15154114134
33243353434
33422524132
21241424251
25412211453
22331524451
25223321425
44441514235
15422331442
42521514344
31155254542
35421414142
42241414541
42242315153
42242443442
23343322223
12411412553
22342425242
12522415541
24251413442
42441532441
13544443451
32331422422
53355254143
32253212542
24232415342
42152514351
22151535152
32143443451
44332412333
13441314133
42531533451
33421535214
51422533523
22234535241
13514531115
42441524441
23531322525
33124234533
31444422433
41341515241
33211334114
21241544214
31342443325
33241515351
13221412143
34435424431
15151512531
33424323234
15421532331
15143511551
15154235141
15511515531
14354513544
15423422451
51421515441
41441413452
25421524442
15242324251
12232325543
21151443431
25453413425
41342514251
13511534433
41221513343
32331523453
32321413342
33331513152
41521413131
41442423433
33521524142
33335513333
32521524251
42441542444
11521423413
35334333244
42342344142
51525514141
13342324222
12254243252
41341522351
11531533153
32511524453
32142514151
11425145353
13422323332
14512314143
25122515221
32431323433
14234213243
14521524251
23331322251
33243434442
14153111531
32341423444
51241513442
22242413443
15345344344
14553542541
14331414451
51432523451
15512131113
31444243432
33441525151
32155523341
14245443322
12343323343
51423523432
42233333242
13433223525
24331414242
33431534152
32432442422
31441134341
33344512144
22252414551
23424544432
51511533442
11331315151
34442332421
32231514151
14423433342
15512251141
13515333533
42431445431
15141415452
34413422432
32141413142
33341444451
24544425432
33525442541
12322221351
12524334451
35242414353
31521514452
24543332441
23232413252
15513125141
34522235242
24424323442
31422533441
23531511243
23431323242
13522522353
33521414453
11433324442
24422324442
22544444444
15343351432
54341514253
32431434132
15322423242
41511514342
45143114351
24242444445
12331343441
31431514531
14253232431
44441415151
13234313133
51432424233
34242332543
51432445333
33422423422
35552423552
22442514452
14422332441
11422115153
15131314231
51142513442
14521515133
24344312132
24242524452
52521535553
14553423533
42322545334
33442423151
22334545224
33244243221
22531414133
43253333551
41242514251
43432313431
42442415251
14332334224
14512521435
33251513113
31421312151
33241524152
34545542242
31241434142
23241443342
42243332352
41344534441
13253415151
34341414252
34435234433
31414413434
34422435552
33354314351
42231513351
31311514551
24332414332
32141513552
24332513431
11331311551
11144523233
51423542352
42425513323
34331313124
42331524141
52455524543
31521523451
13255415133
13231214223
13241532451
32433344244
14331444242
32341425142
31222422242
32243442543
32253323232
52422251441
33422422451
35255415133
23541413142
52143411443
45524533324
23254345321
25433433333
33424542142
13241414141
24334123222
21222412132
43442533551
11521524434
32251423312
43141522533
33431314123
14241533341
33243444232
35434542444
42435414242
23321333341
24154223441
34222224222
24431314532
23225332222
22431422532
24343423243
32252422441
12514234242
32432432342
14333333143
41342544351
15522341444
13521514131
33332332441
43242444231
33341514222
13223132241
41321514333
42235253352
15342531313
24154245223
13322434351
13341413242
14522321542
32433422232
24342315251
24422434421
15334424234
43152515441
32154523541
41245534341
33232422242
13511213253
42231513334
15253513534
51141514251
32422522244
14342345152
32342513451
13541513113
32231413442
15511511153
51531513442
41531424352
52443343242
22321214331
15511514551
11335513134
41243312431
23331324333
24151451541
33435514443
31222515431
23522214251
15254151541
11511533551
24342415132
33435322443
14255115552
13413342451
14511314151
15511551313
32522412321
31344431541
15542422432
34421423243
22332234443
41341513441
24253414422
15343414452
14432334241
32241434351
42531434132
23324235122
42441424333
32342413443
41321532345
41523353554
25421523551
14333324151
12324544151
31121514151
33244244441
13523314424
11511515152
12521423144
31521514131
42511524241
51124324232
12251211413
33341334141
41433333341
15441511542
43151412342
34441422231
31531525243
51354342441
25521514342
31211524551
14513214333
15514344344
44331424232
41241523352
23532423242
51435514132
22441445442
33441452542
23342514242
13531324254
31431515141
15432424442
42432443542
12232433442
31532515253
41345513552
35523414443
21531534231
23431413141
35354334433
51145535554
11543535421
34522551333
23331433441
24433334152
15523315143
25422323442
14252223442
41441525253
12411323423
31341323442
11551411454
43541544244
41131515251
22131514233
15152413331
13522512543
31151424542
12541212352
14422522451
12421332333
31343334232
32432512441
31532335331
51251515343
21435542241
15511541151
24332422241
31331414252
32454131541
41341531441
42142434451
15521411433
12331424121
25432224442
33335533144
14241524232
22233314151
22531432232
32442433132
33243423341
51421534152
32233323232
12513415432
41241543342
51242542322
43221313252
41151521251
24521224143
24334334241
43431414254
15521242452
13514151551
43241422443
21242254431
33142515251
41421423342
25321343341
31452542544
23434443342
14431514451
25343522151
31255513142
24431214351
21511345451
44333323222
53251443433
32431523242
32431434541
32145214131
14432215151
31531544551
33321512552
31151513351
15432422432
42421513121
23345355142
13431433134
42341414223
14531512541
23233442251
31412235233
25433433323
33442413332
41351412551
31512552552
34444532342
32422434152
14521422433
52141552131
13531513513
31521524543
33423552333
31541515252
21511523232
44523533441
23454415153
14521311433
51232352551
31512452541
42441524145
42541414442
42441515241
24442314432
22334334432
23421515343
32241515243
32532533533
41351522441
13231424131
34455335241
15412432551
12332514242
51121513131
24422334252
14332413323
13431414444
42431324252
42421415131
12331435331
42441544552
11233513151
15431412442
33131313133
12511423222
25522414243
23442422242
41321515133
22141333412
24434413443
32431234353
13432314334
12242434251
32151514233
34151414251
42441514425
33431425251
23444232451
11441432331
15241513542
13512324542
14522432222
41431522352
23242424143
13321531231
22434324242
34422424141
22451515421
35432323432
32321525133
32111513313
33151314144
23431413243
14332141432
25442224433
31421414433
15515531533
11522331133
32431524132
34531414422
41531524152
41421534221
33341431241
55534555432
33153514531
35344242215
24422344442
35532324442
23523344543
12431544552
25442412422
34432323442
25443114122
24152213133
15425513141
32441442542
42422522451
24522332324
41334343251
32421524131
35421512324
14443411242
23523453342
15141411121
31532444451
21533334234
15434311434
24432335252
42424422351
32154355241
13441313551
23434553451
51253534431
13245312511
15532412333
13431314142
32441231424
14321232231
23251444332
23421433423
31231512551
42522414141
32441533442
13232423452
15253315423
24122445442
23424343432
14443232323
11255155324
23524231551
51451514143
42342422552
12445414133
41231525342
32451224225
32251524141
31151514441
32341513322
33432434133
42333412344
14551411533
43511415113
13531315551
33442432443
34153232341
24331514241
42341313441
32244443352
22422433432
31131514443
52331513143
24343342442
32342523451
43511332151
34331533451
42331432332
15512333431
31244423442
14524443431
11215114332
25431423332
42431524551
34545514521
32324413334
42521515223
43354415431
33524521551
31341414351
15423132323
34152222431
14441313441
34233334242
13432333241
14231413344
23341443433
22444242142
11421422551
15522124424
34344425232
21335442551
23331413531
32223323331
13424333224
31322443342
21332442441
13515433422
31444444432
15435153133
34332424242
32421413541
31341514441
44142443441
13524253235
41231314433
41431535442
15432423552
14532435451
32541512112
24322424451
24233353541
12422414223
24432442222
14154543251
33531434133
15133541111
32152423433
23521324243
13523234243
32511512251
31233522541
13533354152
24442534322
14425414251
35143221243
31531514232
13523532231
24343151511
33432444512
44322415132
31541512541
13521512451
54411455151
31225535253
31341434341
34432343152
13413252443
51251543432
15332132153
32353432232
42331514142
12421333433
24534314243
41521425552
32242311532
13522315342
34442423442
23321522333
34241424452
14431433452
35432453531
41224424551
23241432443
15552414114
32242412443
43153353351
12523231242
31521414234
41224533451
11443234252
13533321543
42444453424
52321443431
41431514451
42425423431
14242424244
14242424241
13431433233
22422442422
22351524243
31344352241
15224242441
43212413151
32433324454
34244243431
32332434242
35541543242
51421511351
24533322343
15424313132
24422432243
33522423551
13232331333
32533215141
22241512422
52241525552
15514422242
15424415551
23421512234
12342413453
14431521512
32245233242
13531433531
45541251145
34521411132
42325432331
15252114252
44411444444
12321414123
34242424434
42244234131
25423335442
33422422451
23431423541
15441115251
41423533321
22422324242
14541423332
34145435351
42441321451
41414514241
34421512152
22534254453
14532332452
44244413223
34321314551
35434555133
32142334352
34332332434
33521445333
13151534151
22252544241
25531524213
23331514122
31252123533
32422422443
12443534131
43152432144
25342324342
54154354151
22221414151
13231323231
24423433222
11431523131
15431513442
33344342442
14154423132
24221424223
33251322431
42142414251
14334215252
22511424145
14241523542
42331433234
32332343334
44433342244
11511515355
13435435333
25342433332
24531413451
51142424332
15442313141
51555515251
25454245351
31231524541
44551515151
33341425531
15241313133
32511523541
24423433341
33432323133
31433512322
52532432552
24541234212
33322322343
35442335322
11512312321
32524342434
31142314234
32422442232
33333214131
33525213513
13441514451
23422423242
15535515135
33531514241
14524331232
35352425521
25342522441
14432442143
23333225132
32333423434
41332333223
13335511112
15431413235
14155554231
43535413434
43242443441
22512422432
33421423132
44252532543
12431524231
14424422542
42244224222
15152415122
42241542532
42431513351
34355423133
41234444352
34441342423
25524323342
15511242545
44431513131
41345533333
31431413252
14442214235
21421432251
41251524551
14521334132
32431422342
51442342551
51241525131
33522314441
45523443242
24234533513
25421321543
34422214113
32341434141
23511312424
41543442545
31242441544
15155153151
15424234243
32444433342
12522444352
14221512125
23541514541
32342314224
33521532341
24431323452
14342415141
12334435454
13241214434
32341514241
33331414242
33243414432
22521413352
14522424332
15221533442
13321314222
31432433131
41432331532
13511414241
14233324242
24332243334
33531523342
51231523532
33433434442
15515315135
33144514241
14144224113
15422413314
14152544545
43131541331
33422512242
53152143131
33153555141
15434244322
15352522241
23254343543
43141212442
41251515543
15433555244
23311422351
15544354152
54453444532
41431424232
15333222432
31515135151
13151535131
42421523242
32421514341
42341415242
35154212241
35232214533
23442424334
31531555554
24442522542
33441512451
23333334151
15244343354
42441414342
14521343242
33151424232
41143542543
41233512451
12141513421
33351414141
41324444443
33314413442
13345513323
41151513252
31421414451
23434314322
15351313123
15331514133
32431513452
42151413341
12331454523
42524442452
42321423351
14351515541
22441342241
51311551511
33435551111
32521514133
32241424542
33522223322
15242413142
51511534453
24522415252
14421543445
33152335144
23332412541
22223414233
13431314452
14444514332
15255355351
41531414351
24524424343
14251314351
33331515144
15521444342
14214312151
13521414142
32231313142
15151514331
24431233151
15533244154
13251414233
42421532252
32341543422
13553341541
41141514131
14222433233
24151512533
21215535352
34152212531
12441423441
24443414132
53151515245
33241433231
44545435232
43521552441
31342242243
15542421434
51342523341
13545242124
51341514132
15433333232
15321514131
14512412231
15325152153
42421541551
14333332443
23243232551
31432553452
41443425443
15242413351
32521515531
33245423323
51513351551
51142514434
41153455541
51442524452
35153514431
34331352152
51444452455
13421413141
42512523451
22421533541
32331524332
32241513333
23441514243
22441315441
15422334342
21421522452
32141514141
23445514223
13442413441
23243415251
41432433551
22341523333
42155433441
33343443231
14331524141
22523353453
22331444452
33441442443
32152124453
33242423223
15251314333
32241414253
43432341451
13524214451
13422434442
15423315251
41431514133
14341523243
42324414424
15524154535
12445514541
42531532242
51421444332
42333344232
53233524332
31531433352
15443314152
22424423141
44425445151
42231515434
32142533242
24513342443
25422312433
14431341442
33431515321
23334314451
34431415143
42421314322
31531514242
14131515141
32152442232
31551533531
15421314351
31431524132
23231515351
42121514351
31532444242
41352542543
51351514154
41151542541
42321513351
14544341151
24515413442
12243212113
14341413342
24242312551
41341333143
24454432442
23322124152
43541413452
35412315521
13511243153
15241113343
45152331551
14422425233
15522214432
31151515152
33152423451
14513212313
31331523342
43422424331
35442415332
15521514342
32424424323
32331315142
43512524132
42421532551
15432444242
41531514551
33432434443
14524234234
15243324151
33245514432
23151524342
32421512142
25421514242
13252215114
32341524442
34524311122
32441515141
31431514234
24243543141
23322453432
23431524351
34441414243
15515144133
34251514151
33141422341
22342333442
41131513252
22422334131
42444443452
23524444532
14221514131
51253535251
31554551541
23344433241
33244324131
15141415122
32323233233
11325515321
22251432421
23141413442
31144525252
14342413352
14511314242
23242415254
53424522134
24241422312
13533442522
22424414554
23513343242
33444542552
15422424125
13341313553
32351415133
13431424242
42331445143
32414543442
21434513243
42322334242
14334424322
15144323431
42252524141
14223442242
11515545232
31352511251
34511311512
42352324334
43511514551
15422553353
42523335541
41422422432
21434544152
13532223433
41151512431
25221414242
41432421552
41435514532
14152342341
33153224251
45245324143
41421523351
21151522232
41532545231
24151414231
31421523352
32421424242
25535534333
43252423352
23421411242
33144532351
23143334244
12511512542
23521525352
15443312442
23232434441
42252514251
33422441452
13141241542
14255345241
14342313451
32522514442
11131545351
35343323233
14411533543
41141514451
24334432251
32431512531
31521413551
22511135342
43525444442
43344421431
42421433251
51231532541
15422233324
33521513442
25344524142
32341413333
33531414342
15242424251
51121514451
12251413151
41441443452
42442523542
32424342352
25354243234
51331413422
21531514322
32432224421
32144443243
21513453224
34345155352
15221523543
41433545343
14423334442
32224412452
15544334353
21244323451
34441442241
23521531532
23521312142
42153553154
23152314453
32441514133
24443324134
34255341123
42331525451
23323443452
15511315131
51231544342
32141411531
22531415231
41431512542
25442422353
14541534442
23333243151
32422245342
33221522432
13234424151
41251511443
14431414414
15545524523
51233515131
31151512541
42241434351
33422343234
14411313134
15244424233
12512524141
15524214243
23532553441
14221444151
24442423444
15251412442
43521411443
15431412443
12531424231
24531512451
43421232132
33333515133
14351423331
12251515442
33232312232
31321542242
11332343153
34332325241
13351414245
33153335342
35532424214
23431424143
24432345243
41521542542
31551525545
32341524141
14143315241
32444522442
45435143521
43252343442
42331524351
22422314151
43242423441
12151524241
24224333342
21422511251
32242313422
51315515153
15451512551
32244425433
25422213344
15232313342
15331512551
23434413433
15532153122
43432542451
32511512142
42153542431
51231512141
35252414352
34154541542
13431533542
15344234122
32442514152
34531422452
35341514343
32523313242
32342434342
33231513143
24422313132
14521513233
15533134444
43431543441
34342314222
12514345141
24222524352
41522554443
22341442242
31522531441
22541413342
22251514342
32534141551
22241533142
31423312454
42332444442
32442434451
25321313144
13241422451
34525515554
21334521123
35243315242
12221534142
24241313542
13331315523
23521513451
31233525252
14521413442
15331315155
25251513441
41231524515
13231312451
13443322415
22341434333
41441522544
14442442432
34431522551
33421514123
43341532141
42331532542
42435443342
23332314222
33244312513
55142335142
41321314141
32241514122
43241514142
42524342442
24241442533
14441414333
33511444534
14514535241
23451512451
31551512441
33522532343
33521535132
42521312222
12244135151
25453541542
13521312141
35452454433
24512415144
42521432112
24431414123
25341433352
12244442441
23432324342
32521322531
31341545555
51441523451
13524441351
23511423442
33441514451
11323515351
41142433534
13442453252
13332131242
22431312543
54444514233
32241514251
42141414251
13332433243
13421414143
53153412531
24421413343
23444144442
15443223431
24431333542
31232443424
15241324541
41515443223
32132514433
24153423252
15311424251
32521514451
15423332443
21151414331
15511544121
51353315151
41333443434
32421534533
34531514122
44252534432
15421314331
13513333554
41242433152
32153333352
41252512432
33242424442
13521533441
15343443352
51141425352
23433414242
42242514132
13521223341
15515111141
13241414413
14432415232
15442332541
11252334511
51422534453
43225415131
32531413442
15243123241
15431412514
15521514112
14241522551
32431515551
33251514232
31541435132
51155334251
42224535141
41255534141
33433333542
31514534551
32332442532
14431314242
41242541552
35351312233
23431523444
15245212244
51435343443
14532353442
14331413442
13452413331
31451512143
14342543332
34551223523
41152532354
22431534252
12441414452
32532344454
14341432541
15523334534
33341414422
33512324222
51421524254
33432324344
24454322423
32523445352
23432213442
34542444445
12442422251
22234423241
41521532551
22251444414
14221314432
23511442325
34154313133
51322435155
22233351541
41522551535
42331413333
14421314253
42532434242
31151524441
42531543531
23243224141
32244334442
32431524551
32334412222
23344325142
41241425251
24341443253
24431413551
12424154235
22531543143
21432434454
12522523451
15522424252
31334425331
11141511334
15433244342
43445142554
42342424433
23332222342
24242544242
23524334232
34433344332
13542314252
31542251334
41144555441
31241533553
34442313451
41151524231
12344232452
23241425151
14422313222
41322425151
11131413333
33342514322
14442513231
15153524153
25251244451
14243114444
54131514234
32514331551
13433322323
33333413142
24344322552
43511413231
25241513323
33322441543
25341513131
32422442543
24441423442
14441414321
13533513333
23233314232
13241533342
34452352442
45515125551
14251514442
41232524451
25511413333
33244323331
14241524251
15155151551
42442423142
31241512444
33331313113
13152513442
14514311351
32335534242
31211514333
31342512433
32431521554
25433513542
34254523542
41423523451
31331514421
15333234431
32344442451
11155522241
13421452221
43431514441
24153424133
11522541521
42244442532
14354332332
41152532251
51341523243
42431414333
14511543152
24332213343
32231524351
12231511341
42332411451
34155353551
11515155251
35341415143
15513142333
53231514241
13432444431
41234515151
15423423342
32242423232
44153524441
42442323233
33341432532
41531314152
23431313351
34433315551
35433513242
23522213234
33522425221
14153444551
25531513143
15113515151
15234522332
35555515141
41421522451
31331534131
42144433341
33345153542
24332412251
42341514241
33441523233
31331515531
22421513351
31334414152
13252422221
13231314352
12111312221
42433242332
45154515151
33531545143
43431414234
24244443142
24432424241
44331414455
15343444443
14334445242
33334343333
42345513133
14535423233
32444212232
31251515554
13522354452
14511511551
42442513232
23241413433
41321544451
44344512421
13334354241
14241514551
33345434333
24411434424
32434423242
22341524441
41433515323
31351534351
12241413441
15421444353
32335452441
23331413351
34331424442
13511313435
42341552451
51241513242
22514325433
43332452452
34341534444
33431514543
33431424233
14421443132
25524334434
34145413334
32431442442
22152151551
23151513141
14441414121
44142223432
53242444241
13511415151
15434413242
33242332114
41331415451
32431424453
43532331551
33241313433
41523543332
42432423423
13532124343
42242413242
51331511151
15242124352
42432423232
42522534552
23442433332
14242524142
34343331523
32414434141
32241415144
42341534441
44144452431
41441422241
32421514341
33241412451
15343445332
33512313552
22443443442
13513353342
14521534153
33124315243
33331511155
22412452334
42515214143
15444224442
51111515151
42231514551
35311434151
14442425342
41242513241
23412522123
35441313332
23251514222
45533515151
15244144332
41232333144
25334214323
32311424151
52354534132
13522425351
24442224141
15141215112
14452314243
33523514535
12532541543
23451114135
44511313153
51155513331
24524144251
23331314122
15141514241
13535115113
34441453413
14534213533
31153324141
31231543535
35535511153
15151115351
13511514152
43325444344
22522424332
52431313422
33321423252
25241423442
14425154431
34431515231
41242424341
51221542135
33341414434
41331515451
42331524451
34341415233
12452413253
42442435452
14113342251
13431414132
15511111111
31255151543
32344433432
43154522351
15411314251
11151515151
24422314225
12332414112
33422434343
52144443424
12255533542
35152424511
15254222441
31321315122
12322314115
33244214242
15513314141
51531525333
12433423251
32431444551
32442514125
31331514431
34321445553
15545515112
41421512352
32342241421
32522544333
33532114414
23522414551
13511415151
33432423434
23331514153
45433232442
15221231341
42245423232
24523442442
25243214132
22241525151
23242515342
33432414241
21131515251
33444232331
23523323442
24411515142
31241544532
41241514341
12523321442
15335315153
41241534542
31544551254
34343423441
13443334442
42241515155
31531413344
42241415533
24341514142
41321522432
33332414241
43424423251
