41142523451
35231413212
23441414251
22332432442
33342313251
43241213252
31242525141
15335352531
33432531551
31512555541
41151522451
15432544454
21425553352
14432332242
51413344145
33512444332
32331513334
14341414122
15511324242
22442552435
13325434443
22532423534
24531414152
24345514153
24531414242
34522432222
14531514153
51422423522
32343312451
23452214541
23522424433
24141514342
24241413241
41333533541
12323343344
14231513451
24221412243
51241523251
24432433452
21514541125
41341434432
14332412541
33242413431
23422332542
43442521451
35435224141
15421114351
34534252534
23422414342
14252514341
42151515241
32231413134
42345434543
41244514133
33235534535
24444214251
14334414432
11441541432
34431434151
24421523251
32431515342
22251511342
32334414232
31131422451
33431424141
21331514441
42441412552
43515241332
34441513351
11514111515
32252324551
24422224351
14243422243
42443443133
14251523452
32431512451
41241534444
32352424243
34241415143
21334223123
34241422251
22324323222
23433423341
13222424151
34341512131
31331514332
14532414331
33153513242
12153542541
31351513313
31431514441
42331514352
32534424444
35531315153
22431412242
32521512232
22332433451
32332241145
35152414132
41242453342
51321522442
32141514331
51344552453
33432542351
33242432341
42433324354
45441323441
22232342244
14421434243
14422412222
32512412351
33355321155
32531533332
21341514141
31231514351
24432213441
15331422452
33521512334
42551323432
33152244451
52143332152
33242225451
41531523351
31432444231
41232342432
13151415152
43151414351
21151544251
43151514342
35341311551
14332324251
31231423351
32234514143
14334513123
22522414342
32331515442
15134132551
34222414252
12422324443
42233312335
32434434243
33342231242
35141515141
22143422443
33331513241
32335415131
14242513251
12421414253
31241444251
42441412431
32422445433
22432424224
24412332441
15432543141
33431424553
15332333232
13523342531
22242441422
11151511331
35331534232
42551525232
24332414243
34351314413
41521312353
45422425241
21421513342
12151553151
34322332454
42533323424
34451414441
43241412532
15433432533
14342313442
24333342444
14151413331
24531412342
41545335544
15443222444
41241522441
33411455551
55555535555
24343443333
31541514551
31511242455
33123544553
12244324134
42241422524
41421534243
34342324333
32434514132
15154114134
33243353434
33422524132
21241424251
25412211453
22331524451
25223321425
44441514235
15422331442
42521514344
31155254542
35421414142
42241414541
42242315153
42242443442
23343322223
12411412553
22342425242
12522415541
24251413442
42441532441
13544443451
32331422422
53355254143
32253212542
24232415342
42152514351
22151535152
32143443451
44332412333
13441314133
42531533451
33421535214
51422533523
22234535241
13514531115
42441524441
23531322525
33124234533
31444422433
41341515241
33211334114
21241544214
31342443325
33241515351
13221412143
34435424431
15151512531
33424323234
15421532331
15143511551
15154235141
15511515531
14354513544
15423422451
51421515441
41441413452
25421524442
15242324251
12232325543
21151443431
25453413425
41342514251
13511534433
41221513343
32331523453
32321413342
33331513152
41521413131
41442423433
33521524142
33335513333
32521524251
42441542444
11521423413
35334333244
42342344142
51525514141
13342324222
12254243252
41341522351
11531533153
32511524453
32142514151
11425145353
13422323332
14512314143
25122515221
32431323433
14234213243
14521524251
23331322251
33243434442
14153111531
32341423444
51241513442
22242413443
15345344344
14553542541
14331414451
51432523451
15512131113
31444243432
33441525151
32155523341
14245443322
12343323343
51423523432
42233333242
13433223525
24331414242
33431534152
32432442422
31441134341
33344512144
22252414551
23424544432
51511533442
11331315151
34442332421
32231514151
14423433342
15512251141
13515333533
42431445431
15141415452
34413422432
32141413142
33341444451
24544425432
33525442541
12322221351
12524334451
35242414353
31521514452
24543332441
23232413252
15513125141
34522235242
24424323442
31422533441
23531511243
23431323242
13522522353
33521414453
11433324442
24422324442
22544444444
15343351432
54341514253
32431434132
15322423242
41511514342
45143114351
24242444445
12331343441
31431514531
14253232431
44441415151
13234313133
51432424233
34242332543
51432445333
33422423422
35552423552
22442514452
14422332441
11422115153
15131314231
51142513442
14521515133
24344312132
24242524452
52521535553
14553423533
42322545334
33442423151
22334545224
33244243221
22531414133
43253333551
41242514251
43432313431
42442415251
14332334224
14512521435
33251513113
31421312151
33241524152
34545542242
31241434142
23241443342
42243332352
41344534441
13253415151
34341414252
34435234433
31414413434
34422435552
33354314351
42231513351
31311514551
24332414332
32141513552
24332513431
11331311551
11144523233
51423542352
42425513323
34331313124
42331524141
52455524543
31521523451
13255415133
13231214223
13241532451
32433344244
14331444242
32341425142
31222422242
32243442543
32253323232
52422251441
33422422451
35255415133
23541413142
52143411443
45524533324
23254345321
25433433333
33424542142
13241414141
24334123222
21222412132
43442533551
11521524434
32251423312
43141522533
33431314123
14241533341
33243444232
35434542444
42435414242
23321333341
24154223441
34222224222
24431314532
23225332222
22431422532
24343423243
32252422441
12514234242
32432432342
14333333143
41342544351
15522341444
13521514131
33332332441
43242444231
33341514222
13223132241
41321514333
42235253352
15342531313
24154245223
13322434351
13341413242
14522321542
32433422232
24342315251
24422434421
15334424234
43152515441
32154523541
41245534341
33232422242
13511213253
42231513334
15253513534
51141514251
32422522244
14342345152
32342513451
13541513113
32231413442
15511511153
51531513442
41531424352
52443343242
22321214331
15511514551
11335513134
41243312431
23331324333
24151451541
33435514443
31222515431
23522214251
15254151541
11511533551
24342415132
33435322443
14255115552
13413342451
14511314151
15511551313
32522412321
31344431541
15542422432
34421423243
22332234443
41341513441
24253414422
15343414452
14432334241
32241434351
42531434132
23324235122
42441424333
32342413443
41321532345
41523353554
25421523551
14333324151
12324544151
31121514151
33244244441
13523314424
11511515152
12521423144
31521514131
42511524241
51124324232
12251211413
33341334141
41433333341
15441511542
43151412342
34441422231
31531525243
51354342441
25521514342
31211524551
14513214333
15514344344
44331424232
41241523352
23532423242
51435514132
22441445442
33441452542
23342514242
13531324254
31431515141
15432424442
42432443542
12232433442
31532515253
41345513552
35523414443
21531534231
23431413141
35354334433
51145535554
11543535421
34522551333
23331433441
24433334152
15523315143
25422323442
14252223442
41441525253
12411323423
31341323442
11551411454
43541544244
41131515251
22131514233
15152413331
13522512543
31151424542
12541212352
14422522451
12421332333
31343334232
32432512441
31532335331
51251515343
21435542241
15511541151
24332422241
31331414252
32454131541
41341531441
42142434451
15521411433
12331424121
25432224442
33335533144
14241524232
22233314151
22531432232
32442433132
33243423341
51421534152
32233323232
12513415432
41241543342
51242542322
43221313252
41151521251
24521224143
24334334241
43431414254
15521242452
13514151551
43241422443
21242254431
33142515251
41421423342
25321343341
31452542544
23434443342
14431514451
25343522151
31255513142
24431214351
21511345451
44333323222
53251443433
32431523242
32431434541
32145214131
14432215151
31531544551
33321512552
31151513351
15432422432
42421513121
23345355142
13431433134
42341414223
14531512541
23233442251
31412235233
25433433323
33442413332
41351412551
31512552552
34444532342
32422434152
14521422433
52141552131
13531513513
31521524543
33423552333
31541515252
21511523232
44523533441
23454415153
14521311433
51232352551
31512452541
42441524145
42541414442
42441515241
24442314432
22334334432
23421515343
32241515243
32532533533
41351522441
13231424131
34455335241
15412432551
12332514242
51121513131
24422334252
14332413323
13431414444
42431324252
42421415131
12331435331
42441544552
11233513151
15431412442
33131313133
12511423222
25522414243
23442422242
41321515133
22141333412
24434413443
32431234353
13432314334
12242434251
32151514233
34151414251
42441514425
33431425251
23444232451
11441432331
15241513542
13512324542
14522432222
41431522352
23242424143
13321531231
22434324242
34422424141
22451515421
35432323432
32321525133
32111513313
33151314144
23431413243
14332141432
25442224433
31421414433
15515531533
11522331133
32431524132
34531414422
41531524152
41421534221
33341431241
55534555432
33153514531
35344242215
24422344442
35532324442
23523344543
12431544552
25442412422
34432323442
25443114122
24152213133
15425513141
32441442542
42422522451
24522332324
41334343251
32421524131
35421512324
14443411242
23523453342
15141411121
31532444451
21533334234
15434311434
24432335252
42424422351
32154355241
13441313551
23434553451
51253534431
13245312511
15532412333
13431314142
32441231424
14321232231
23251444332
23421433423
31231512551
42522414141
32441533442
13232423452
15253315423
24122445442
23424343432
14443232323
11255155324
23524231551
51451514143
42342422552
12445414133
41231525342
32451224225
32251524141
31151514441
32341513322
33432434133
42333412344
14551411533
43511415113
13531315551
33442432443
34153232341
24331514241
42341313441
32244443352
22422433432
31131514443
52331513143
24343342442
32342523451
43511332151
34331533451
42331432332
15512333431
31244423442
14524443431
11215114332
25431423332
42431524551
34545514521
32324413334
42521515223
43354415431
33524521551
31341414351
15423132323
34152222431
14441313441
34233334242
13432333241
14231413344
23341443433
22444242142
11421422551
15522124424
34344425232
21335442551
23331413531
32223323331
13424333224
31322443342
21332442441
13515433422
31444444432
15435153133
34332424242
32421413541
31341514441
44142443441
13524253235
41231314433
41431535442
15432423552
14532435451
32541512112
24322424451
24233353541
12422414223
24432442222
14154543251
33531434133
15133541111
32152423433
23521324243
13523234243
32511512251
31233522541
13533354152
24442534322
14425414251
35143221243
31531514232
13523532231
24343151511
33432444512
44322415132
31541512541
13521512451
54411455151
31225535253
31341434341
34432343152
13413252443
51251543432
15332132153
32353432232
42331514142
12421333433
24534314243
41521425552
32242311532
13522315342
34442423442
23321522333
34241424452
14431433452
35432453531
41224424551
23241432443
15552414114
32242412443
43153353351
12523231242
31521414234
41224533451
11443234252
13533321543
42444453424
52321443431
41431514451
42425423431
14242424244
14242424241
13431433233
22422442422
22351524243
31344352241
15224242441
43212413151
32433324454
34244243431
32332434242
35541543242
51421511351
24533322343
15424313132
24422432243
33522423551
13232331333
32533215141
22241512422
52241525552
15514422242
15424415551
23421512234
12342413453
14431521512
32245233242
13531433531
45541251145
34521411132
42325432331
15252114252
44411444444
12321414123
34242424434
42244234131
25423335442
33422422451
23431423541
15441115251
41423533321
22422324242
14541423332
34145435351
42441321451
41414514241
34421512152
22534254453
14532332452
44244413223
34321314551
35434555133
32142334352
34332332434
33521445333
13151534151
22252544241
25531524213
23331514122
31252123533
32422422443
12443534131
43152432144
25342324342
54154354151
22221414151
13231323231
24423433222
11431523131
15431513442
33344342442
14154423132
24221424223
33251322431
42142414251
14334215252
22511424145
14241523542
42331433234
32332343334
44433342244
11511515355
13435435333
25342433332
24531413451
51142424332
15442313141
51555515251
25454245351
31231524541
44551515151
33341425531
15241313133
32511523541
24423433341
33432323133
31433512322
52532432552
24541234212
33322322343
35442335322
11512312321
32524342434
31142314234
32422442232
33333214131
33525213513
13441514451
23422423242
15535515135
33531514241
14524331232
35352425521
