20020201220
12010201000
01220202020
00110210220
11120101020
21020001020
10020202020
02112120210
11210210220
10200222220
20020200220
02210222222
00202221120
02210110020
20201122022
11200222110
10110201112
02120202000
02200102020
00220220212
01102212221
00210201212
02210202020
02122202021
02210202020
12200210000
02210202021
20200201200
10121100220
01220002220
01200202211
02020202120
02020201020
20111211220
00101121122
02010201220
02000200021
20020201020
02210211220
00202220002
20120212210
02110200220
11020201210
01200110220
21220200220
12212002020
02200002120
12212020212
01200202120
02020202120
20020202020
10010201012
20122212221
20022202011
11012212212
02222002020
02112202210
00220220210
12210212020
02200201020
10210202120
00020200120
10112202010
10010200220
11210202020
00110202220
20220200220
21202020110
12220201120
00202000202
10020102220
02200002120
02021200021
20221221011
02020201220
10210200220
20020212222
10120202021
12020202021
00112001001
12020200020
00102101000
01211201120
01000202020
12120200010
10110202110
02210202110
11021201020
00021220220
10120201101
10210202220
20110202120
10212202222
12210102021
00210200020
10200200010
00110211220
10110020022
12020202010
20020221120
20100200220
10020202110
20122220221
11210220120
11020210120
20211102122
22220101220
00010120022
02200212021
02200200000
10200200120
11122100022
10210211110
00120202020
10010202120
02210001220
02110200220
11200200112
20220101210
11020022220
20021110020
11020002220
20210201120
10210222010
20010120210
01020202020
21020202120
00020222020
21020202120
12120100220
02110102020
10010201120
10012202021
02112201001
00200202120
10110202220
02012010220
12000202020
00200102221
20011100112
10212212021
11120010020
12020202020
00021200221
11110201020
10112202010
02020201020
00200202021
10020222020
20220200210
10200222211
00210202002
02200110220
02210221020
11210202221
02110111010
01201120210
00020220200
00020200110
12110212010
20220202010
02110202021
12120102201
20200100121
22200202020
00200201120
00020221020
12100110222
20211101202
12220202220
21020200210
02211210211
02120101220
02111120222
02020201110
02210200120
20222112222
02221000222
20020200220
11200222220
22222212222
02121221111
10220202220
10200020222
11001222221
00022102012
20020200202
20200212021
12120102111
10212202010
02022002012
11021121212
11200202010
00020202020
02200000221
00110202220
02001100202
22220202012
02200110220
20200202122
10022022220
12200202020
20020202220
20020102021
20020221220
01121100001
00200200221
00120202020
00200202220
02020201220
20220210220
01222221220
10110200200
21122022021
10021000220
02010202120
20020202120
00020212020
10021221220
22110200111
01220102011
20210211220
11200212002
20200211201
00012212020
01202210002
20220202220
01210100202
11002012211
10222200211
20120202020
11000112002
00020222002
10120221102
11020202120
01000200021
12212202210
02020200210
11202101012
02200210110
02021200220
02022012020
02200202210
02122201222
02201200220
20200202220
20220201220
02200202220
02020102020
00010102221
00020221210
02221201202
20120202020
01200212211
20000201121
10110201221
10100201120
11110201020
20200201010
20220201211
11200202020
11112201111
10200202020
20220220222
00200201201
12112111022
20120122020
20202202020
01120102000
00022021020
20120200120
00210211021
10200202221
10020202020
00202022121
01200101110
02200102021
02000202000
10210101211
02012001021
02200202020
01110100020
11021212220
02021000210
10120201222
20020201220
00020201221
02122122122
02221220220
02110202220
20210201220
02200010001
10222021210
11220202020
10022201120
02022221100
00121101121
20201201210
20011111020
01211001202
02110202020
11210212020
10210220200
10220012120
11122200022
00020202220
01202222210
20200211220
00110102020
12220110200
10010202020
02201211120
02200020020
01202111211
20210222210
02020202220
12201200210
10020201020
11120222220
02222202210
11202220220
00100000120
00202112220
12020202121
10200202220
02221110220
01010201020
02201002020
12200012020
02202101220
10200211220
01210200021
01210101020
01200200121
11200202221
00211102220
02200102220
00222222222
02121120210
22120202021
10210212010
02100201020
20200202120
22021002120
02020222222
00110121220
10210202210
02021010210
22220202020
01012101011
20210202011
12020110221
20210222111
11200201200
12220201220
00220202220
02200110220
00200002021
02010102010
20020201220
02200202011
02122100010
02020202220
20200212221
02221201211
20100222112
11220201020
00112222002
11022021000
00210202011
21021111220
20020202020
21210101210
20220202020
02110112002
02200200212
11020201001
10200100020
11020202020
12222220020
10020212020
01020221120
20021110120
20122212220
01021202020
12120202020
12212012211
10202201212
12200212220
11122102120
20010201120
10100202220
02110202110
10020201220
02110201210
00110100220
00022201011
20201220120
20202201101
12110101002
20110202020
20222202221
10200201220
01022202011
01010002001
01020210220
10211122022
02110222020
10120202020
10000200020
10021220221
10021101010
20200020220
11200200220
12022202011
01220201020
20021200221
22202211102
01022122100
02211211111
11202220020
01020202020
02112001000
00000200010
21220211220
00200202212
10020201100
21020200211
11210102001
02020211120
11021222010
12212220222
20212202020
01100111120
02022001220
12000002000
02210102210
01002110000
00210200210
02121201021
10020200220
00202012020
10210210120
02111111021
20120222120
02200120222
01200202010
11110110220
21020222010
11120202000
01001010020
20100202111
20012021120
02120210101
02022022001
01100212120
01120201020
02200100220
10211200010
02120102020
02200212200
02112202012
21020202220
10022201220
20022212120
11010200020
01200001021
20010201112
02021201212
20020202020
10200200022
02120122020
10120201220
01220201001
10010201220
02200200021
20210201220
20210202120
20221121020
00100002110
02200202220
00112201012
20021100210
01110102111
02020220220
11212202221
10000202210
01200002020
02022020220
00200211220
02120202010
11212100221
02022002220
01201120220
02200102020
02200220101
10200200100
10122210220
02220200210
12200201021
00110012221
20120201220
02021202200
02121202220
02210112020
10020212120
20210212010
01102012000
20220202111
10120201221
20100210122
20201121222
02200201220
02111102020
00102222020
10000202020
11022022220
01201102202
00200202020
00200201022
10200202010
20200202020
20002102010
00020000201
11120112020
20211111120
02220200220
21020200120
12220200010
10210202021
20122120220
02200202120
10000202220
02201002111
02202122122
22110202010
20020201120
01210201020
20212202010
00220222220
11220220220
01120202020
01210102022
10210202020
02210202220
20210221220
00010211220
10210202021
20122201220
12201202221
00210212010
01210201020
12122112211
20022212222
00221212200
12200220111
01110211220
02211112020
02201102021
02200101220
02020001220
20220202021
00200101201
10120101220
00220200222
21220222022
20010202020
00010202011
02020201110
01200200221
10020202220
00220000120
02200200220
00200110111
10121112010
10210200220
10210112110
20020202121
00212220020
02200220020
02110200020
10110202020
10222010220
20120210220
20020212220
02200200211
00110202000
02210002220
11112211022
02020202010
00011102020
00210210010
10220211010
11021201120
20200212020
10011101010
00201202210
20020221120
20020220100
21000101020
20020200020
02200002021
02112112020
21210202022
02200020220
01202020220
21020200221
00020022210
11020202020
20200201120
02100121120
10220220222
01212221120
02210202220
02121200020
10022201020
02210002120
00200122220
22111101000
21020221211
10210201020
10210212220
10022002010
02210002020
10210222220
11100200220
10020201120
02210200210
20200201000
01122122020
01210211012
20120202001
02210200220
01011220020
10200012011
02211211101
11220201110
20120200220
10200220220
12222210120
10200212020
02200200211
20020220010
01210201201
10200202221
11201220111
10220202020
00200201010
22201211220
01222202021
02200100211
20010120220
10200220220
20220202022
20220202220
20220202020
02220102210
00112112210
01200202121
10020202021
10210211211
20120200220
01010202010
12222112020
02200210220
00110202020
20000201010
02200112020
02110201101
01210202222
20210102020
20200202010
00110212110
20220222220
00011201020
02210200220
11010101011
00200201000
02200202021
01220200020
20100202011
00020111200
02212201221
10210012121
01210102112
00020212020
10020202011
12020202020
20220202202
11210202020
01222010220
00220210110
02020201220
01200102220
02200210000
20210200120
01020202021
01100210010
00212102020
12200202020
00220202200
12210101210
10100202011
10000201101
11020102022
01210201021
02110020210
02220002211
10200202211
02202210211
00200110011
10210202010
12210202200
20210202020
20200212000
11120210020
22212222210
11021202210
12122020002
02200122220
12210102220
01201122221
00210222220
02220200200
12210101220
02221002000
02020001011
02202201020
10220220220
20200200220
02200110102
20112121020
10200202010
12200200102
02221200020
01201221120
02020200000
10210222220
00211112012
02212100212
02210112020
20202200120
10022122020
01220101220
01212221220
20021212210
01022100200
02210200111
01210102020
10220010202
02100010010
01020222110
01200211201
10010200220
20200202020
10220211220
01010201220
02021102201
02000222220
01202121210
02221010101
00022022102
01202010220
20220202021
20120200220
00222202011
20010202120
10220002002
10020202020
10020202220
10120201100
11210212011
20111200122
02220200211
21200202001
01210102220
11220210221
12021010120
02110202020
20120101220
10022221120
00200211210
10010202221
20110201021
02121120220
10120201220
21200110020
12110211220
20110210110
02200111210
10022201220
02202221210
00002002110
02210201110
20210202220
12222202200
10102201112
20200202001
21122202210
11202200220
10120202120
02201010101
12020000210
02220101220
12011112020
01210111020
02010201122
01120221211
00222020020
00200200220
02200002202
12122202010
00112220220
01110201210
10001101110
01202111002
10100221120
00110220220
01202211200
10222222210
02212021011
12110202020
10200201220
10120202220
22020221220
01202021012
20010102211
20210212220
02210201220
02210212220
10220200000
02100202220
02011121220
00200202001
02210220000
02022221020
11210212011
02011220000
10020201211
01200102021
01201012021
10200200020
10011200220
01211122020
02220212100
02202202020
12021000021
10210202010
01201210010
02121020200
11210222200
22100202010
10220200220
01200200220
22200222020
10002212021
10120212120
12210121020
01201020221
20020221210
02110010021
10121210010
20110202020
00200111211
02212102021
20200202220
10020100210
01200102120
12220201220
01100200111
12020202220
02210211220
12210221210
20002202220
01020210221
02220202002
10020200221
21021121120
00201010020
10200202012
20002211220
00221012020
01211100221
20222221202
20100221210
20210202220
20202201210
02020202022
02020202020
01210211011
00200220200
00120202021
10122120020
02002020220
21000201020
10211102222
12022021210
10110212020
12220221020
20200200120
02211100121
02202101010
02200210021
11200201220
01010110111
10211002020
00020200200
20020202220
02202200020
02202202220
01200200012
00120201221
02210200200
10022011020
01210211210
22220020022
12200200010
20102210110
02020002020
22200222222
00100202001
12020202212
20022012010
02201112220
11200200220
01210201220
02220002020
20201211100
00200102020
02220201110
12022212120
20220100220
20202202020
12200200020
00212022221
02210110220
22022201001
12100102220
12212222011
10020112120
12110110212
11200222111
01020212020
00020222020
02210202001
01110202000
10020001211
10200200221
00221212010
21020210022
02120102120
22022122020
00000202020
01010101010
02201211000
00210201010
02210201220
11122120220
02022201010
02000202001
11020100210
20020202020
02112002020
00200202022
02020201220
20110211012
10110121112
22211120022
00200202122
01212212111
02120211110
02210201220
20020202110
02220101020
20222202020
02222022120
10010202220
22220202020
11120202210
02020101011
10200201220
02201211120
11210101011
10211200100
20210210220
02220012000
11100100121
12220112100
00200100100
10202120212
10020102012
10200220010
11111002010
11202001201
01220202220
01200201020
02212202012
11210202020
02202110010
12120202200
