-0.376437717000264
0.44447989532431775
0.2577573654736106
0.6086611608023693
-0.09195291277983698
0.3814172335661717
0.3471130322856666
0.2392663592576565
-0.04096321367457349
-0.2961683001072952
0.30037143147221634
0.36511614909656975
0.25878007910012757
0.43664500439023607
0.41439465886269805
0.12222306954101322
0.2744588637128234
0.38704691981839484
0.20152275757346144
-0.17521113984965836
0.5825879122552179
0.22358583360920073
0.11284317335772695
1.0127743386191146
0.20477436981553324
-0.052064427828817365
0.1195018539725704
0.23108365325142066
0.0889200904113132
0.10075202645950276
0.2875273481718988
0.6688961977608346
0.289954834739519
-0.20281666521489528
-0.3862966709889081
0.5233185140088048